2.826343958872712392e-08 -5.376316991601015616e-08 -8.105586424278499180e-09 4.588238056157933897e-08 1.553223549777271728e-09 -3.597434528046505875e-08 -2.656672393186454428e-07
7.472559815369095304e-08 -6.641831618026117212e-08 -4.807004216900168103e-08 1.070995168106492201e-07 4.852055113246933615e-08 9.046456739270070102e-08 -2.396284415340232954e-08
1.715667252710773028e-08 2.634072338025816862e-08 6.021792131605252507e-08 -5.086552956612422349e-09 4.496520489283284405e-08 -2.115408470615420811e-08 7.910272614708446781e-08
-8.837997889088455850e-09 -5.849574691296766105e-08 -3.955009120204522333e-08 -3.006874038646856206e-08 -3.646370672072407615e-08 -3.407021331724990887e-09 -1.634317072785052005e-07
-1.269307681184272951e-08 4.029536704308611661e-09 -1.462955001585442005e-08 -5.563112992490459874e-08 2.019103284567336232e-08 -1.724061320373948547e-07 4.876995252089955102e-09
-2.179021940662551060e-08 -4.252503416068975639e-08 -3.495110689755165367e-08 -1.095964350383837882e-07 1.014472417182332720e-08 -2.092344963955383719e-08 2.145999289382416464e-08
3.730001196800003527e-08 4.427833388831459160e-08 9.721700422460344271e-08 3.883869226228853222e-08 3.007544790989413741e-08 -1.525844517402674683e-08 9.079792562260990962e-08
-9.725133054416801315e-08 -5.976460926149229635e-08 2.593285408636347711e-08 -8.517787364326068200e-08 -3.115933111530466704e-08 -6.910217820177422254e-08 -6.058579771206495934e-08
1.098052635788917542e-01 -2.655246935319155455e-04 2.977997437119483948e-02 -1.715458333492279053e-01 -2.927733585238456726e-03 1.704424172639846802e-01 1.429258286952972412e-02
-2.654457930475473404e-04 3.107754886150360107e-01 -3.707982599735260010e-01 -2.253844402730464935e-02 -2.859786152839660645e-01 2.827522158622741699e-02 5.534940361976623535e-01
2.977997250854969025e-02 -3.707981705665588379e-01 7.165387868881225586e-01 -2.136269956827163696e-02 2.450193315744400024e-01 2.203065901994705200e-02 -1.623620986938476562e+00
-1.715459078550338745e-01 -2.253839373588562012e-02 -2.136258222162723541e-02 9.844922423362731934e-01 2.703782357275485992e-02 -1.971390843391418457e+00 -3.641231730580329895e-02
-2.927607158198952675e-03 -2.859786748886108398e-01 2.450191825628280640e-01 2.703779935836791992e-02 2.533671379089355469e+00 -8.856880664825439453e-02 -7.993717789649963379e-01
1.704422086477279663e-01 2.827509678900241852e-02 2.203069441020488739e-02 -1.971392869949340820e+00 -8.856875449419021606e-02 5.490746498107910156e+00 -9.947738610208034515e-03
1.429260335862636566e-02 5.534936785697937012e-01 -1.623621582984924316e+00 -3.641215711832046509e-02 -7.993709444999694824e-01 -9.947742335498332977e-03 8.585538864135742188e+00
-2.041475176811218262e-01 -2.844312693923711777e-03 -6.699477881193161011e-02 9.362900257110595703e-01 3.745370358228683472e-02 -2.570792198181152344e+00 1.222962811589241028e-01
-1.032491866499185562e-02 -3.927615657448768616e-02 5.112109333276748657e-02 -1.132090762257575989e-02 -6.802321225404739380e-02 8.432736247777938843e-02 -1.607942134141921997e-01
-4.545154049992561340e-02 4.897502809762954712e-02 -1.035002293065190315e-03 -2.272120863199234009e-02 -6.322175730019807816e-03 2.730303071439266205e-02 2.373754978179931641e-01
1.456468459218740463e-02 -1.686531119048595428e-02 -2.615371020510792732e-03 -2.928796922788023949e-03 -1.708554103970527649e-03 4.297802597284317017e-02 4.463806375861167908e-02
-1.937711425125598907e-02 -7.005974650382995605e-02 2.987496927380561829e-02 4.315841943025588989e-02 4.895571619272232056e-02 1.243315935134887695e-01 3.941398561000823975e-01
-3.340900642797350883e-03 3.346343059092760086e-03 7.236383855342864990e-03 2.592759119579568505e-05 -2.231908729299902916e-03 4.921573027968406677e-02 2.407476492226123810e-02
-2.569436840713024139e-02 -3.985988721251487732e-02 -1.131642460823059082e-01 -9.289958979934453964e-04 -5.446496233344078064e-02 2.326840907335281372e-02 -2.642939090728759766e-01
9.854180365800857544e-02 -8.193883299827575684e-02 -5.877558514475822449e-02 -5.941258370876312256e-02 -3.697177395224571228e-02 1.904887706041336060e-01 3.628272935748100281e-02
-1.772895827889442444e-02 -9.559999220073223114e-03 2.775628352537751198e-03 -7.865387015044689178e-03 -9.956031106412410736e-03 -1.277784705162048340e-01 2.441576123237609863e-02
3.709738701581954956e-02 2.681777626276016235e-02 -1.281035225838422775e-02 5.948406178504228592e-03 -3.027796279639005661e-03 -1.915587782859802246e-01 2.189422771334648132e-02
3.219264000654220581e-02 -4.050700739026069641e-02 -2.866274863481521606e-02 -1.630620099604129791e-02 3.161663934588432312e-02 5.218183994293212891e-02 2.369596213102340698e-01
-3.040190413594245911e-02 1.338809356093406677e-02 -5.693415924906730652e-02 -1.201885007321834564e-02 1.117649953812360764e-02 -4.759398102760314941e-02 -2.941182553768157959e-01
-4.209211841225624084e-02 -5.963571742177009583e-02 8.417577482759952545e-03 2.643808722496032715e-02 -6.494638323783874512e-02 -8.153027854859828949e-03 -1.771252751350402832e-01
-8.751051500439643860e-03 -1.830705441534519196e-02 -9.225511923432350159e-03 -6.510329549200832844e-04 -3.944440744817256927e-03 -1.015499350614845753e-03 3.631428629159927368e-02
-4.319428279995918274e-02 -5.464144796133041382e-02 -1.813223958015441895e-02 -9.393932297825813293e-03 6.523960269987583160e-03 1.564132124185562134e-01 6.301052868366241455e-02
3.133581206202507019e-02 3.408334450796246529e-04 -1.809871941804885864e-02 1.089647971093654633e-02 3.620838001370429993e-02 -4.279616847634315491e-02 -1.094517484307289124e-01
1.424039006233215332e-01 1.388710830360651016e-02 4.412210360169410706e-02 1.097950991243124008e-02 5.309343338012695312e-02 4.201200976967811584e-02 3.464223444461822510e-02
5.521245184354484081e-04 -3.792172297835350037e-02 1.657222770154476166e-02 1.265151705592870712e-02 7.786598522216081619e-03 -1.031567156314849854e-01 2.119352966547012329e-01
-4.219654202461242676e-02 -1.382106244564056396e-01 -5.147245898842811584e-02 4.554868489503860474e-02 3.512263763695955276e-03 2.451725676655769348e-02 1.863080859184265137e-01
-6.605328619480133057e-02 3.637621924281120300e-02 -1.820246130228042603e-02 -5.234953016042709351e-02 2.516554296016693115e-02 9.241408109664916992e-02 -1.251042187213897705e-01
1.328301336616277695e-02 -1.007722225040197372e-02 -3.489135997369885445e-03 6.823589093983173370e-03 -4.217579960823059082e-03 3.024004772305488586e-02 -7.274519186466932297e-03
-1.751555944792926311e-03 1.893693581223487854e-02 1.690557110123336315e-03 -1.532213110476732254e-02 -1.650425605475902557e-02 -1.581006646156311035e-01 -4.590035602450370789e-02
-6.491063628345727921e-03 5.705240648239850998e-03 2.312569878995418549e-03 2.705694874748587608e-03 -1.579818199388682842e-03 6.004732847213745117e-02 -8.500301092863082886e-02
-1.438574586063623428e-02 -6.452511996030807495e-02 4.113928228616714478e-02 -2.038768678903579712e-02 -6.139614805579185486e-02 9.557617455720901489e-02 -5.556745082139968872e-02
2.253538928925991058e-02 -1.520581822842359543e-02 -6.954982876777648926e-02 2.016741782426834106e-02 -5.520312115550041199e-02 -1.089086383581161499e-01 -6.921741366386413574e-02
-6.816716399043798447e-03 -7.847155444324016571e-03 -7.271843962371349335e-03 -3.510722424834966660e-03 1.568894274532794952e-02 -3.808249905705451965e-02 1.228578388690948486e-01
5.360555369406938553e-03 -1.153232157230377197e-02 -2.011146629229187965e-03 3.770994720980525017e-03 -4.481055308133363724e-03 3.240668447688221931e-04 4.247593134641647339e-02
-6.108814477920532227e-02 1.250707954168319702e-01 -2.514427062124013901e-03 -9.100230038166046143e-02 7.164634019136428833e-02 1.032528877258300781e-01 -1.043809130787849426e-01
6.318254163488745689e-04 5.995910614728927612e-02 1.944336667656898499e-02 -1.860748603940010071e-02 1.146159879863262177e-02 1.273662317544221878e-02 -5.362207815051078796e-02
-3.827660158276557922e-02 -3.635846078395843506e-02 -2.770420629531145096e-03 4.104218259453773499e-02 -3.490347415208816528e-02 2.551390528678894043e-01 -4.526588693261146545e-02
-2.383411047048866749e-04 -7.814032956957817078e-03 -2.555554732680320740e-03 3.341752337291836739e-03 -1.792094553820788860e-03 3.892925009131431580e-02 -8.951777592301368713e-03
2.718380466103553772e-02 1.490984298288822174e-02 1.056075189262628555e-02 1.135518401861190796e-01 4.509126022458076477e-02 -2.430731244385242462e-02 9.278359264135360718e-02
4.948267247527837753e-03 -1.864274614490568638e-03 -1.213788893073797226e-02 4.295885097235441208e-03 -6.939419545233249664e-04 -4.590735305100679398e-03 -1.236933693289756775e-01
7.909717969596385956e-03 1.111701503396034241e-02 1.833994686603546143e-02 2.089312300086021423e-03 -7.286706008017063141e-03 5.482258275151252747e-03 3.554284945130348206e-02
-1.131378486752510071e-02 -6.901871878653764725e-03 4.070825129747390747e-02 1.509231515228748322e-02 -1.605310663580894470e-02 4.364384710788726807e-02 3.119442760944366455e-01
-4.323476180434226990e-02 -1.555246952921152115e-02 -3.960591182112693787e-02 4.133919253945350647e-02 -7.213491201400756836e-02 5.353468284010887146e-02 -1.169977113604545593e-01
1.394993811845779419e-02 -1.351305563002824783e-02 2.496254816651344299e-02 1.166047994047403336e-02 1.175175048410892487e-02 -6.509039551019668579e-03 2.649400532245635986e-01
-8.279859274625778198e-02 -4.884035885334014893e-02 -1.541973929852247238e-02 8.700398355722427368e-02 1.753440871834754944e-02 -5.387243628501892090e-02 7.078066468238830566e-02
-1.178864762187004089e-01 6.344344466924667358e-03 1.127367466688156128e-02 5.498516187071800232e-02 -1.696630418300628662e-01 2.519195713102817535e-02 1.581196933984756470e-01
2.493389695882797241e-02 -5.442165769636631012e-03 4.363751504570245743e-03 -1.811571791768074036e-02 1.361903361976146698e-02 -6.451627612113952637e-02 1.784652620553970337e-01
-1.561080338433384895e-03 1.459400821477174759e-02 8.731410838663578033e-03 1.987206051126122475e-03 1.528389169834554195e-03 3.949321806430816650e-02 3.561629727482795715e-02
-2.829052135348320007e-02 -1.738101011142134666e-03 -2.699711173772811890e-02 1.490845531225204468e-02 1.063820626586675644e-02 5.894684419035911560e-02 1.753053963184356689e-01
-1.642418676055967808e-03 -2.055868133902549744e-02 -4.215649794787168503e-03 -1.895591802895069122e-02 -6.287388037890195847e-03 -2.916025370359420776e-02 -1.664243489503860474e-01
-6.270439364016056061e-03 -2.668320201337337494e-02 1.570069603621959686e-02 1.216438785195350647e-02 -1.907085813581943512e-02 3.337940666824579239e-03 1.319891214370727539e-01
9.771037846803665161e-02 -4.319158196449279785e-02 -8.091637492179870605e-02 -6.696400046348571777e-02 2.797704562544822693e-02 -2.875258326530456543e-01 -5.349225550889968872e-02
-9.169993922114372253e-03 2.467217668890953064e-02 1.609797962009906769e-02 -3.583132848143577576e-02 -1.382724009454250336e-02 7.428020238876342773e-02 8.122975379228591919e-02
1.182646118104457855e-02 -2.851038984954357147e-02 -3.119625896215438843e-02 4.394582007080316544e-03 4.465354606509208679e-02 1.148934736847877502e-01 1.930326223373413086e-02
-2.321021165698766708e-03 -9.942920506000518799e-02 -1.110216882079839706e-02 -5.314240232110023499e-02 5.042470991611480713e-02 -1.884262263774871826e-01 -1.623862534761428833e-01
-1.833080872893333435e-02 -3.837281465530395508e-02 -5.571726709604263306e-02 -2.980072749778628349e-03 3.466007183305919170e-04 1.766955666244029999e-02 -1.009869426488876343e-01
7.487345952540636063e-03 -4.475811496376991272e-03 7.903363555669784546e-03 -4.294352605938911438e-03 9.957220405340194702e-03 -9.261919185519218445e-03 2.139269858598709106e-01
8.411545306444168091e-03 -2.628755010664463043e-02 -7.379652559757232666e-02 -6.576134264469146729e-02 -1.024306789040565491e-01 -6.315403431653976440e-02 1.573795527219772339e-01
2.127142436802387238e-02 3.557697683572769165e-02 1.219225954264402390e-02 1.537116477265954018e-04 8.195027476176619530e-04 -2.575979195535182953e-02 -7.718789391219615936e-03
-1.464034151285886765e-02 -5.471252370625734329e-03 -5.350202322006225586e-02 3.200562298297882080e-02 -1.216538995504379272e-02 8.148594945669174194e-02 4.088009893894195557e-02
9.698962792754173279e-03 -8.461218327283859253e-03 -3.182003973051905632e-03 4.898008424788713455e-03 1.297444337978959084e-03 3.480479493737220764e-02 8.096928894519805908e-02
4.396603628993034363e-02 -2.329589053988456726e-02 2.434510178864002228e-02 1.451194286346435547e-02 5.238464567810297012e-03 -1.868982464075088501e-01 1.099231913685798645e-01
-4.725006222724914551e-02 -5.399038083851337433e-03 -4.729796946048736572e-02 -5.646426603198051453e-02 2.200505509972572327e-02 7.210805267095565796e-02 -3.273639455437660217e-02
-2.215853519737720490e-02 1.411202270537614822e-02 1.839782670140266418e-02 2.227712795138359070e-02 -2.728771045804023743e-02 6.148450821638107300e-02 -1.190264746546745300e-01
-3.649523016065359116e-03 -1.048550102859735489e-02 -2.104311482980847359e-03 -4.503260366618633270e-03 -1.477805245667695999e-02 -7.950190454721450806e-02 -1.071768552064895630e-01
-2.542712725698947906e-03 -3.424430731683969498e-03 -3.714855993166565895e-03 -2.621374791488051414e-03 -3.834524890407919884e-03 -1.116902753710746765e-02 -1.586935296654701233e-02
-3.830760484561324120e-03 3.172330558300018311e-03 3.668877761811017990e-03 -5.091461353003978729e-04 9.169486293103545904e-05 -1.587331667542457581e-02 4.084538668394088745e-02
-1.147019118070602417e-02 -3.353328502271324396e-04 1.350808452116325498e-04 -1.076183980330824852e-04 1.413462596246972680e-04 2.935303188860416412e-02 3.158276528120040894e-02
-1.077053166227415204e-04 -6.631798110902309418e-03 -5.244146566838026047e-03 -2.913230331614613533e-03 -2.295387443155050278e-03 -1.919523626565933228e-02 1.899263821542263031e-03
7.074077147990465164e-03 1.862234319560229778e-03 3.723685629665851593e-03 1.049716118723154068e-02 -3.883955068886280060e-03 5.243815854191780090e-02 2.530878037214279175e-02
-9.450129233300685883e-03 3.461859747767448425e-02 3.114520572125911713e-02 2.172253467142581940e-02 -6.762331817299127579e-03 5.185506120324134827e-02 -1.791217625141143799e-01
-6.332506891340017319e-03 -3.999585285782814026e-03 -3.832977265119552612e-03 -6.728222128003835678e-03 2.935775592050049454e-05 -3.073901124298572540e-02 -9.444403462111949921e-03
-7.299105171114206314e-03 1.245301403105258942e-02 -5.660862661898136139e-03 -8.706920780241489410e-03 1.975509570911526680e-03 -1.238817349076271057e-01 -9.215284883975982666e-02
-5.613411217927932739e-02 -3.282268717885017395e-02 1.146683283150196075e-02 -1.605655066668987274e-02 4.330589622259140015e-02 4.219070076942443848e-02 1.747662574052810669e-01
-1.921653747558593750e-02 1.362187508493661880e-02 -2.453902177512645721e-02 -9.018227458000183105e-03 3.626913530752062798e-03 -1.208952367305755615e-01 -3.058609664440155029e-01
8.187772333621978760e-02 2.691135928034782410e-02 -5.398078355938196182e-04 2.750996500253677368e-02 1.721230149269104004e-02 -2.257217168807983398e-01 4.685519635677337646e-02
1.464656181633472443e-02 2.166851889342069626e-03 -6.790747400373220444e-03 -9.247100912034511566e-03 -9.312313050031661987e-03 -1.464521735906600952e-01 -2.145338207483291626e-01
-3.335567936301231384e-02 -2.844187803566455841e-02 -4.565862007439136505e-03 2.191954990848898888e-03 2.664900384843349457e-02 -1.840136945247650146e-02 5.531460791826248169e-02
-1.051623299717903137e-01 2.368278056383132935e-02 -2.766373939812183380e-02 4.760432243347167969e-02 7.780809700489044189e-02 -5.075103789567947388e-02 8.435691148042678833e-02
-1.125297136604785919e-02 -7.860859483480453491e-02 -1.073555201292037964e-01 3.777924180030822754e-02 -6.058323662728071213e-03 3.811499848961830139e-02 2.008695602416992188e-01
-1.766132377088069916e-02 -2.184281498193740845e-02 2.003616839647293091e-02 -2.020820043981075287e-02 -5.151933804154396057e-02 1.110242828726768494e-01 -1.942936182022094727e-01
3.304411889985203743e-03 3.836266463622450829e-03 -5.081528332084417343e-03 5.588903091847896576e-03 -1.289106672629714012e-03 5.957950279116630554e-02 -6.659889221191406250e-02
-5.525592132471501827e-04 6.265725009143352509e-03 5.646874662488698959e-03 -4.070398863404989243e-04 4.677951801568269730e-03 -6.772444583475589752e-03 1.729464717209339142e-02
1.099783089011907578e-02 -1.218172721564769745e-02 3.892420558258891106e-03 3.046237397938966751e-04 -5.646143574267625809e-03 -1.280641090124845505e-02 7.927805185317993164e-02
1.277638785541057587e-02 -7.430791389197111130e-03 -8.058065548539161682e-03 4.484820645302534103e-03 8.808315731585025787e-03 4.665848985314369202e-02 9.520842880010604858e-02
-1.391749014146625996e-03 -4.420564509928226471e-03 -5.597548559308052063e-03 -1.979406224563717842e-03 -2.352136187255382538e-03 -2.173613198101520538e-02 -1.659024953842163086e-01
-2.798086591064929962e-02 -4.376444965600967407e-03 3.538820892572402954e-02 1.266241259872913361e-02 -5.075988173484802246e-02 7.151696830987930298e-02 2.860214747488498688e-02
-4.979405086487531662e-03 2.573669515550136566e-02 -8.655961602926254272e-03 3.087956830859184265e-02 -8.700877428054809570e-02 -1.199633702635765076e-01 -1.564051955938339233e-02
1.172063592821359634e-02 -6.900624837726354599e-03 6.769174942746758461e-04 1.084097940474748611e-02 3.243434429168701172e-02 -1.029871106147766113e-01 -3.681822493672370911e-02
-6.739957258105278015e-03 1.029898226261138916e-02 -5.238687153905630112e-03 -1.253855787217617035e-02 -3.604913130402565002e-02 -2.344208657741546631e-01 -2.289640009403228760e-01
-2.428292529657483101e-03 5.277356132864952087e-03 1.767330430448055267e-02 -3.920605871826410294e-03 -4.764270503073930740e-03 -6.563890725374221802e-02 1.086829006671905518e-01
8.229161053895950317e-02 7.880531251430511475e-02 -1.138921827077865601e-02 4.736762493848800659e-02 -7.728394865989685059e-02 -3.431817889213562012e-01 -2.165004014968872070e-01
-2.061802707612514496e-02 -9.067967534065246582e-03 1.865174807608127594e-02 3.416295163333415985e-03 -3.682239726185798645e-02 1.140839755535125732e-01 -1.298180818557739258e-01
3.624192206189036369e-03 6.323613226413726807e-02 -4.616734385490417480e-02 -1.303061749786138535e-02 3.072573617100715637e-02 -1.292960941791534424e-01 -1.871749460697174072e-01
-9.244188666343688965e-02 -3.898845985531806946e-02 1.757445745170116425e-02 -1.050117891281843185e-02 4.670319706201553345e-02 -8.917406201362609863e-02 1.118302494287490845e-01
-1.300530135631561279e-02 6.762924138456583023e-03 5.277964286506175995e-03 3.059095935896039009e-03 1.329867262393236160e-02 2.040432766079902649e-02 2.203619927167892456e-01
9.518659673631191254e-03 -2.995176007971167564e-03 6.289328448474407196e-03 -5.568602122366428375e-03 -6.793372798711061478e-03 -8.441771566867828369e-02 -1.341990008950233459e-02
1.003621146082878113e-01 5.310130119323730469e-02 -2.302125282585620880e-02 -1.956742926267907023e-04 1.928561925888061523e-02 -1.661185473203659058e-01 -7.340528815984725952e-02
2.479576133191585541e-02 -4.007752984762191772e-02 -3.717185696586966515e-03 2.669996395707130432e-02 2.804339304566383362e-02 1.753549464046955109e-02 -2.731499671936035156e-01
6.501682847738265991e-02 -3.047130629420280457e-02 -2.984670363366603851e-02 2.797782979905605316e-02 -4.729407839477062225e-03 1.204552054405212402e-01 -1.010307595133781433e-01
1.541631203144788742e-02 5.782701075077056885e-03 -1.280529145151376724e-02 -4.670922178775072098e-03 2.877907129004597664e-03 -5.350642651319503784e-02 -9.597307443618774414e-02
2.735546790063381195e-03 -3.087341319769620895e-03 1.181469205766916275e-02 -8.148790220730006695e-05 1.446900889277458191e-02 -1.484817676100647077e-05 2.944193780422210693e-01
-2.365851774811744690e-03 1.203358406201004982e-03 3.781174309551715851e-03 -4.400189209263771772e-04 -2.132900524884462357e-03 -4.291870631277561188e-03 2.032931707799434662e-02
-7.326932251453399658e-02 -2.275039441883563995e-02 1.888073235750198364e-02 8.373966813087463379e-02 -9.434591978788375854e-02 -4.146271198987960815e-02 -2.312894165515899658e-01
4.425768181681632996e-02 1.411859840154647827e-01 6.251263618469238281e-02 -2.277926169335842133e-02 -1.772728399373590946e-03 1.740209907293319702e-01 -2.461117506027221680e-02
-4.233308881521224976e-02 5.887675657868385315e-02 -1.311893910169601440e-01 -1.332452986389398575e-02 -1.064140163362026215e-02 1.009850725531578064e-01 -8.411594480276107788e-02
6.314478814601898193e-04 -1.748512871563434601e-02 -2.117863111197948456e-02 -8.017341606318950653e-03 1.784060150384902954e-02 -5.164587497711181641e-02 1.259989887475967407e-01
-1.590907201170921326e-02 -1.937784254550933838e-03 2.531119063496589661e-02 8.867921307682991028e-03 3.247712180018424988e-02 9.368748217821121216e-02 7.792964577674865723e-02
3.522712504491209984e-03 3.805724903941154480e-02 -3.370787203311920166e-02 -1.506168860942125320e-03 6.359481066465377808e-02 2.051481306552886963e-01 -2.780834138393402100e-01
-4.257182031869888306e-02 -4.680434986948966980e-02 -1.182098779827356339e-02 -5.649645999073982239e-02 2.039155922830104828e-02 1.432902514934539795e-01 3.180597722530364990e-01
-2.409844659268856049e-03 1.288965926505625248e-03 9.965917095541954041e-03 -1.910425198730081320e-04 -2.123969141393899918e-03 5.778355896472930908e-02 6.223899871110916138e-02
4.862735047936439514e-03 -2.682113787159323692e-03 3.403165028430521488e-04 6.448397878557443619e-03 -6.652160082012414932e-04 5.042514577507972717e-02 1.026389189064502716e-02
-2.154946851078420877e-04 -1.472851820290088654e-02 1.333409268409013748e-02 -1.382766640745103359e-03 -1.428026799112558365e-02 -6.895824521780014038e-02 -4.790522158145904541e-03
-4.634795710444450378e-02 3.578778123483061790e-03 -3.695185994729399681e-03 -7.188304327428340912e-03 2.240560948848724365e-02 5.319545790553092957e-02 1.499434411525726318e-01
8.593401312828063965e-02 8.538368344306945801e-02 4.097020626068115234e-02 -3.912101313471794128e-02 -6.106498464941978455e-02 -2.377318292856216431e-01 -2.791975736618041992e-01
1.530054062604904175e-01 -4.886279255151748657e-02 -7.487397640943527222e-02 -6.901714205741882324e-02 -8.220111578702926636e-02 -1.403183639049530029e-01 -2.673885524272918701e-01
3.941405937075614929e-02 1.078214030712842941e-02 6.714598834514617920e-02 1.017078524455428123e-03 -8.248079568147659302e-02 4.205480590462684631e-02 1.950054615736007690e-01
4.594589024782180786e-02 4.947203770279884338e-02 3.649549931287765503e-02 1.144229061901569366e-02 -4.136249795556068420e-02 -1.098548695445060730e-01 3.250455111265182495e-02
1.304422039538621902e-02 1.969599351286888123e-02 3.338424488902091980e-02 -3.289873013272881508e-03 -2.462731301784515381e-02 -5.657352507114410400e-02 1.576704978942871094e-01
-6.091284565627574921e-03 -5.648916587233543396e-03 -2.722031204029917717e-03 4.077698031323961914e-05 1.509027555584907532e-03 3.338630776852369308e-03 -2.290080534294247627e-03
-7.107761222869157791e-03 5.896777380257844925e-03 -9.052540175616741180e-03 1.191257126629352570e-02 -3.432412445545196533e-02 -6.643644720315933228e-02 -1.467600166797637939e-01
-3.273412212729454041e-02 1.468625478446483612e-02 1.834110543131828308e-02 -2.997142262756824493e-02 7.616933435201644897e-02 -1.681816875934600830e-01 -8.806501328945159912e-02
2.634069323539733887e-02 1.573018357157707214e-02 3.923953627236187458e-04 -4.529226105660200119e-03 4.855329636484384537e-03 -2.038314938545227051e-01 -4.857962951064109802e-02
-2.419008314609527588e-02 1.872054859995841980e-02 -8.941123634576797485e-02 -4.530484229326248169e-02 1.405974626541137695e-01 -1.953320354223251343e-01 5.487082526087760925e-02
2.056389674544334412e-02 5.691631883382797241e-02 2.260081842541694641e-02 3.731000795960426331e-02 1.791815087199211121e-02 1.963707208633422852e-01 -7.897666655480861664e-03
-6.047864258289337158e-02 -6.393351405858993530e-02 -1.068439148366451263e-02 1.325031276792287827e-02 -9.531702101230621338e-02 -9.077944606542587280e-02 1.810613125562667847e-01
-3.638072405010461807e-03 5.148770287632942200e-03 2.729808213189244270e-03 2.494053915143013000e-03 4.607070295605808496e-04 2.143755368888378143e-02 9.195266466122120619e-05
-5.273350700736045837e-02 3.066268935799598694e-02 2.835910767316818237e-02 -3.108783811330795288e-02 6.797824520617723465e-03 1.152895539999008179e-01 -8.099167048931121826e-02
-6.773898843675851822e-03 9.512594901025295258e-03 1.213883864693343639e-03 -8.499071002006530762e-03 -4.180706106126308441e-03 7.909318059682846069e-02 -1.864670813083648682e-01
-4.981007799506187439e-02 2.999025955796241760e-02 -1.365446764975786209e-02 -5.622721463441848755e-02 -2.178711630403995514e-02 -1.564979851245880127e-01 -1.113054305315017700e-01
-3.385682031512260437e-02 -1.332211028784513474e-02 -2.511798404157161713e-02 5.566015839576721191e-03 3.435290977358818054e-02 1.368235498666763306e-01 1.623248755931854248e-01
-1.672875694930553436e-02 3.494598716497421265e-02 -2.491096034646034241e-02 -3.952879458665847778e-02 -1.022311393171548843e-03 1.650065928697586060e-01 -2.585320472717285156e-01
1.325421184301376343e-01 4.319170117378234863e-02 3.710924834012985229e-02 1.480117812752723694e-02 7.532546296715736389e-03 -7.539687305688858032e-02 -9.773399680852890015e-02
-3.254419565200805664e-02 4.450344946235418320e-03 -6.482940167188644409e-02 3.879440203309059143e-02 4.810009151697158813e-02 2.036653459072113037e-01 -2.203402668237686157e-01
5.925881676375865936e-03 -7.202042732387781143e-03 -4.809886158909648657e-04 4.392901435494422913e-03 2.264098031446337700e-03 1.257886737585067749e-01 7.211872190237045288e-02
3.098095208406448364e-02 3.344387933611869812e-02 -6.804722547531127930e-02 1.000514719635248184e-02 -2.816964685916900635e-02 -2.510647475719451904e-01 -2.094006910920143127e-02
